[General]
GlobalTP=80
GlobalSL=80000
GlobalAutoRestart=Y
NumberOfInitialTrades=1



[Initial Trade 1]

VolumeUpVector=0.01,0.02,0.03,0.04,0.05,0.06,0.07,0.08,0.09,0.10,0.12,0.14,0.16,0.18,0.20
VolumeDownVector=-0.01,-0.02,-0.03,-0.04,-0.05,-0.06,-0.07,-0.08,-0.09,-0.10,-0.12,-0.14,-0.16,-0.18,-0.20

TradeTPUpVector=8000,8000,8000,8000,8000,8000,8000,8000,8000,8000,8000,8000,8000,8000,8000,8000,8000,8000,8000,8000,8000,8000,8000,8000,8000,8000,8000,8000,8000,8000
TradeSLUpVector=8000,8000,8000,8000,8000,8000,8000,8000,8000,8000,8000,8000,8000,8000,8000,8000,8000,8000,8000,8000,8000,8000,8000,8000,8000,8000,8000,8000,8000,8000
TradeTPDownVector=8000,8000,8000,8000,8000,8000,8000,8000,8000,8000,8000,8000,8000,8000,8000,8000,8000,8000,8000,8000,8000,8000,8000,8000,8000,8000,8000,8000,8000,8000
TradeSLDownVector=8000,8000,8000,8000,8000,8000,8000,8000,8000,8000,8000,8000,8000,8000,8000,8000,8000,8000,8000,8000,8000,8000,8000,8000,8000,8000,8000,8000,8000,8000

ProcessTP=20
ProcessSL=80000

UpMoveVector=100,100,100,100,100,100,100,100,100,100,100,100,100,100,100,100,100,100,100,100,100,100,100,100,100,100,100,100,100,100,100,100,100,100,100,100,100,100,100,100,
DownMoveVector=100,100,100,100,100,100,100,100,100,100,100,100,100,100,100,100,100,100,100,100,100,100,100,100,100,100,100,100,100,100,100,100,100,100,100,100,100,100,100,100,


ProcessAutoRestart=Y
PipsGap=2

